-0.002593751796585886
0.0015699718497552695
-0.009774133591759604
0.005942305726882147
-7.585000445486934e-05
0.007918708610889835
-0.009339675636858114
0.0005866298844096063
-0.00482491781401817
0.011515673527410564
-0.003225465860398513
0.0017405690427326759
-0.011567973409690624
0.007284457182861415
-6.2751968649577e-05
0.009361969504188217
-0.011416853465383903
0.000803421226775014
-0.005673872267208446
0.01409901859869822
-0.00414745751115192
0.001997079145414027
-0.014213423067096886
0.009280892352941161
-5.068080339981629e-05
0.011545234653993264
-0.014583176661720376
0.0011433167343530837
-0.006997497588965285
0.018152107497350745
-0.005613670407480786
0.002414899102373247
-0.018506062051212024
0.012561981681183498
-3.769912022455468e-05
0.015231236228848033
-0.02000325505762285
0.0017410382772793387
-0.00934185949506594
0.025437827790541045
-0.0083041984813918
0.0032047138256657837
-0.026693226225943445
0.018964959683453797
-2.4794920806647802e-05
0.02279558254434666
-0.03143694387177298
0.0030553124161670775
-0.01462449301827018
0.04242535377382284
-0.01484630124130959
0.005227935497094327
-0.048513818198340775
0.037006177642376126
-1.2876365765412956e-05
0.04716554997214972
-0.07143409703235848
0.008154120275719823
-0.03753140269038446
0.1273189621966606
-0.05411824707374624
0.020805254348672753
-0.2884504758864763
0.41580235345154626
0.0
-0.41580235345154626
0.2884504758864763
-0.020805254348672753
0.05411824707374624
-0.1273189621966606
0.03753140269038446
-0.008154120275719823
0.07143409703235848
-0.04716554997214972
1.2876365765412956e-05
-0.037006177642376126
0.048513818198340775
-0.005227935497094327
0.01484630124130959
-0.04242535377382284
0.01462449301827018
-0.0030553124161670775
0.03143694387177298
-0.02279558254434666
2.4794920806647802e-05
-0.018964959683453797
0.026693226225943445
-0.0032047138256657837
0.0083041984813918
-0.025437827790541045
0.00934185949506594
-0.0017410382772793387
0.02000325505762285
-0.015231236228848033
3.769912022455468e-05
-0.012561981681183498
0.018506062051212024
-0.002414899102373247
0.005613670407480786
-0.018152107497350745
0.006997497588965285
-0.0011433167343530837
0.014583176661720376
-0.011545234653993264
5.068080339981629e-05
-0.009280892352941161
0.014213423067096886
-0.001997079145414027
0.00414745751115192
-0.01409901859869822
0.005673872267208446
-0.000803421226775014
0.011416853465383903
-0.009361969504188217
6.2751968649577e-05
-0.007284457182861415
0.011567973409690624
-0.0017405690427326759
0.003225465860398513
-0.011515673527410564
0.00482491781401817
-0.0005866298844096063
0.009339675636858114
-0.007918708610889835
7.585000445486934e-05
-0.005942305726882147
0.009774133591759604
