-124877810.36168133
-124633431.085044
-124389051.80840665
-124144672.5317693
-123900293.25513196
-123655913.97849463
-123411534.70185728
-123167155.42521994
-122922776.14858261
-122678396.87194526
-122434017.59530792
-122189638.31867059
-121945259.04203324
-121700879.7653959
-121456500.48875855
-121212121.21212122
-120967741.93548387
-120723362.65884653
-120478983.3822092
-120234604.10557185
-119990224.8289345
-119745845.55229716
-119501466.27565983
-119257086.99902248
-119012707.72238514
-118768328.44574781
-118523949.16911046
-118279569.89247312
-118035190.61583579
-117790811.33919844
-117546432.0625611
-117302052.78592375
-117057673.50928642
-116813294.23264907
-116568914.95601173
-116324535.6793744
-116080156.40273705
-115835777.1260997
-115591397.84946238
-115347018.57282503
-115102639.29618768
-114858260.01955034
-114613880.74291301
-114369501.46627566
-114125122.18963832
-113880742.91300099
-113636363.63636364
-113391984.3597263
-113147605.08308895
-112903225.80645162
-112658846.52981427
-112414467.25317693
-112170087.9765396
-111925708.69990225
-111681329.4232649
-111436950.14662758
-111192570.86999023
-110948191.59335288
-110703812.31671554
-110459433.04007821
-110215053.76344086
-109970674.48680352
-109726295.21016619
-109481915.93352884
-109237536.6568915
-108993157.38025415
-108748778.10361682
-108504398.82697947
-108260019.55034213
-108015640.2737048
-107771260.99706745
-107526881.7204301
-107282502.44379278
-107038123.16715543
-106793743.89051808
-106549364.61388074
-106304985.33724341
-106060606.06060606
-105816226.78396872
-105571847.50733139
-105327468.23069404
-105083088.9540567
-104838709.67741935
-104594330.40078202
-104349951.12414467
-104105571.84750733
-103861192.57087
-103616813.29423265
-103372434.0175953
-103128054.74095798
-102883675.46432063
-102639296.18768328
-102394916.91104594
-102150537.63440861
-101906158.35777126
-101661779.08113392
-101417399.80449659
-101173020.52785924
-100928641.2512219
-100684261.97458455
-100439882.69794722
-100195503.42130987
-99951124.14467253
-99706744.8680352
-99462365.59139785
-99217986.3147605
-98973607.03812318
-98729227.76148583
-98484848.48484848
-98240469.20821114
-97996089.93157381
-97751710.65493646
-97507331.37829912
-97262952.10166179
-97018572.82502444
-96774193.5483871
-96529814.27174976
-96285434.99511242
-96041055.71847507
-95796676.44183773
-95552297.1652004
-95307917.88856305
-95063538.6119257
-94819159.33528838
-94574780.05865103
-94330400.78201368
-94086021.50537634
-93841642.22873901
-93597262.95210166
-93352883.67546432
-93108504.39882699
-92864125.12218964
-92619745.8455523
-92375366.56891496
-92130987.29227762
-91886608.01564027
-91642228.73900293
-91397849.4623656
-91153470.18572825
-90909090.9090909
-90664711.63245358
-90420332.35581623
-90175953.07917888
-89931573.80254154
-89687194.52590421
-89442815.24926686
-89198435.97262952
-88954056.69599219
-88709677.41935484
-88465298.1427175
-88220918.86608016
-87976539.58944282
-87732160.31280547
-87487781.03616813
-87243401.7595308
-86999022.48289345
-86754643.2062561
-86510263.92961878
-86265884.65298143
-86021505.37634408
-85777126.09970674
-85532746.82306941
-85288367.54643206
-85043988.26979472
-84799608.99315739
-84555229.71652004
-84310850.4398827
-84066471.16324537
-83822091.88660802
-83577712.60997067
-83333333.33333333
-83088954.056696
-82844574.78005865
-82600195.5034213
-82355816.22678398
-82111436.95014663
-81867057.67350928
-81622678.39687194
-81378299.12023461
-81133919.84359726
-80889540.56695992
-80645161.29032259
-80400782.01368524
-80156402.7370479
-79912023.46041057
-79667644.18377322
-79423264.90713587
-79178885.63049853
-78934506.3538612
-78690127.07722385
-78445747.8005865
-78201368.52394918
-77956989.24731183
-77712609.97067448
-77468230.69403715
-77223851.41739981
-76979472.14076246
-76735092.86412512
-76490713.58748779
-76246334.31085044
-76001955.0342131
-75757575.75757577
-75513196.48093842
-75268817.20430107
-75024437.92766373
-74780058.6510264
-74535679.37438905
-74291300.0977517
-74046920.82111438
-73802541.54447703
-73558162.26783969
-73313782.99120235
-73069403.71456501
-72825024.43792766
-72580645.16129032
-72336265.88465299
-72091886.60801564
-71847507.3313783
-71603128.05474097
-71358748.77810362
-71114369.50146627
-70869990.22482893
-70625610.9481916
-70381231.67155425
-70136852.3949169
-69892473.11827958
-69648093.84164223
-69403714.56500489
-69159335.28836755
-68914956.01173021
-68670576.73509286
-68426197.45845552
-68181818.18181819
-67937438.90518084
-67693059.6285435
-67448680.35190617
-67204301.07526882
-66959921.798631474
-66715542.521994136
-66471163.2453568
-66226783.96871945
-65982404.692082115
-65738025.41544477
-65493646.13880743
-65249266.86217009
-65004887.58553275
-64760508.30889541
-64516129.03225806
-64271749.755620725
-64027370.47898338
-63782991.20234604
-63538611.9257087
-63294232.64907136
-63049853.37243402
-62805474.095796674
-62561094.81915934
-62316715.542522
-62072336.26588465
-61827956.989247315
-61583577.71260997
-61339198.43597263
-61094819.15933529
-60850439.88269795
-60606060.60606061
-60361681.32942326
-60117302.052785926
-59872922.77614858
-59628543.49951124
-59384164.222873904
-59139784.94623656
-58895405.66959922
-58651026.392961875
-58406647.11632454
-58162267.8396872
-57917888.56304985
-57673509.286412515
-57429130.00977517
-57184750.73313783
-56940371.45650049
-56695992.17986315
-56451612.90322581
-56207233.626588464
-55962854.349951126
-55718475.07331379
-55474095.79667644
-55229716.520039104
-54985337.24340176
-54740957.96676442
-54496578.690127075
-54252199.41348974
-54007820.1368524
-53763440.86021505
-53519061.583577715
-53274682.30694037
-53030303.03030303
-52785923.75366569
-52541544.47702835
-52297165.20039101
-52052785.923753664
-51808406.647116326
-51564027.37047899
-51319648.09384164
-51075268.817204304
-50830889.54056696
-50586510.26392962
-50342130.987292275
-50097751.71065494
-49853372.4340176
-49608993.15738025
-49364613.880742915
-49120234.60410557
-48875855.32746823
-48631476.05083089
-48387096.77419355
-48142717.49755621
-47898338.220918864
-47653958.944281526
-47409579.66764419
-47165200.39100684
-46920821.114369504
-46676441.83773216
-46432062.56109482
-46187683.28445748
-45943304.00782014
-45698924.7311828
-45454545.45454545
-45210166.177908115
-44965786.90127077
-44721407.62463343
-44477028.34799609
-44232649.07135875
-43988269.79472141
-43743890.518084064
-43499511.241446726
-43255131.96480939
-43010752.68817204
-42766373.411534704
-42521994.13489736
-42277614.85826002
-42033235.58162268
-41788856.30498534
-41544477.028348
-41300097.75171065
-41055718.475073315
-40811339.19843597
-40566959.92179863
-40322580.64516129
-40078201.36852395
-39833822.09188661
-39589442.815249264
-39345063.538611926
-39100684.26197459
-38856304.98533724
-38611925.708699904
-38367546.43206256
-38123167.15542522
-37878787.87878788
-37634408.60215054
-37390029.3255132
-37145650.04887585
-36901270.772238515
-36656891.49560118
-36412512.21896383
-36168132.94232649
-35923753.66568915
-35679374.38905181
-35434995.112414464
-35190615.835777126
-34946236.55913979
-34701857.28250244
-34457478.005865104
-34213098.72922776
-33968719.45259042
-33724340.17595308
-33479960.899315737
-33235581.6226784
-32991202.346041057
-32746823.069403715
-32502443.792766374
-32258064.51612903
-32013685.23949169
-31769305.96285435
-31524926.68621701
-31280547.40957967
-31036168.132942326
-30791788.856304985
-30547409.579667646
-30303030.303030305
-30058651.026392963
-29814271.74975562
-29569892.47311828
-29325513.196480937
-29081133.9198436
-28836754.643206257
-28592375.366568916
-28347996.089931574
-28103616.813294232
-27859237.536656894
-27614858.260019552
-27370478.98338221
-27126099.70674487
-26881720.430107526
-26637341.153470185
-26392961.876832847
-26148582.600195505
-25904203.323558163
-25659824.04692082
-25415444.77028348
-25171065.493646137
-24926686.2170088
-24682306.940371457
-24437927.663734116
-24193548.387096774
-23949169.110459432
-23704789.833822094
-23460410.557184752
-23216031.28054741
-22971652.00391007
-22727272.727272727
-22482893.450635385
-22238514.173998047
-21994134.897360705
-21749755.620723363
-21505376.34408602
-21260997.06744868
-21016617.79081134
-20772238.514174
-20527859.237536658
-20283479.960899316
-20039100.684261974
-19794721.407624632
-19550342.130987294
-19305962.854349952
-19061583.57771261
-18817204.30107527
-18572825.024437927
-18328445.74780059
-18084066.471163247
-17839687.194525905
-17595307.917888563
-17350928.64125122
-17106549.36461388
-16862170.08797654
-16617790.8113392
-16373411.534701858
-16129032.258064516
-15884652.981427176
-15640273.704789834
-15395894.428152492
-15151515.151515152
-14907135.87487781
-14662756.598240469
-14418377.321603129
-14173998.044965787
-13929618.768328447
-13685239.491691105
-13440860.215053763
-13196480.938416423
-12952101.661779081
-12707722.38514174
-12463343.1085044
-12218963.831867058
-11974584.555229716
-11730205.278592376
-11485826.001955034
-11241446.725317692
-10997067.448680352
-10752688.17204301
-10508308.89540567
-10263929.618768329
-10019550.342130987
-9775171.065493647
-9530791.788856305
-9286412.512218963
-9042033.235581623
-8797653.958944282
-8553274.68230694
-8308895.4056696
-8064516.129032258
-7820136.852394917
-7575757.575757576
-7331378.299120234
-7086999.022482893
-6842619.7458455525
-6598240.469208212
-6353861.19257087
-6109481.915933529
-5865102.639296188
-5620723.362658846
-5376344.086021505
-5131964.809384164
-4887585.5327468235
-4643206.256109482
-4398826.979472141
-4154447.7028348
-3910068.4261974585
-3665689.149560117
-3421309.8729227763
-3176930.596285435
-2932551.319648094
-2688172.0430107526
-2443792.7663734118
-2199413.4897360704
-1955034.2130987293
-1710654.9364613881
-1466275.659824047
-1221896.3831867059
-977517.1065493646
-733137.8299120235
-488758.5532746823
-244379.27663734116
0.0
244379.27663734116
488758.5532746823
733137.8299120235
977517.1065493646
1221896.3831867059
1466275.659824047
1710654.9364613881
1955034.2130987293
2199413.4897360704
2443792.7663734118
2688172.0430107526
2932551.319648094
3176930.596285435
3421309.8729227763
3665689.149560117
3910068.4261974585
4154447.7028348
4398826.979472141
4643206.256109482
4887585.5327468235
5131964.809384164
5376344.086021505
5620723.362658846
5865102.639296188
6109481.915933529
6353861.19257087
6598240.469208212
6842619.7458455525
7086999.022482893
7331378.299120234
7575757.575757576
7820136.852394917
8064516.129032258
8308895.4056696
8553274.68230694
8797653.958944282
9042033.235581623
9286412.512218963
9530791.788856305
9775171.065493647
10019550.342130987
10263929.618768329
10508308.89540567
10752688.17204301
10997067.448680352
11241446.725317692
11485826.001955034
11730205.278592376
11974584.555229716
12218963.831867058
12463343.1085044
12707722.38514174
12952101.661779081
13196480.938416423
13440860.215053763
13685239.491691105
13929618.768328447
14173998.044965787
14418377.321603129
14662756.598240469
14907135.87487781
15151515.151515152
15395894.428152492
15640273.704789834
15884652.981427176
16129032.258064516
16373411.534701858
16617790.8113392
16862170.08797654
17106549.36461388
17350928.64125122
17595307.917888563
17839687.194525905
18084066.471163247
18328445.74780059
18572825.024437927
18817204.30107527
19061583.57771261
19305962.854349952
19550342.130987294
19794721.407624632
20039100.684261974
20283479.960899316
20527859.237536658
20772238.514174
21016617.79081134
21260997.06744868
21505376.34408602
21749755.620723363
21994134.897360705
22238514.173998047
22482893.450635385
22727272.727272727
22971652.00391007
23216031.28054741
23460410.557184752
23704789.833822094
23949169.110459432
24193548.387096774
24437927.663734116
24682306.940371457
24926686.2170088
25171065.493646137
25415444.77028348
25659824.04692082
25904203.323558163
26148582.600195505
26392961.876832847
26637341.153470185
26881720.430107526
27126099.70674487
27370478.98338221
27614858.260019552
27859237.536656894
28103616.813294232
28347996.089931574
28592375.366568916
28836754.643206257
29081133.9198436
29325513.196480937
29569892.47311828
29814271.74975562
30058651.026392963
30303030.303030305
30547409.579667646
30791788.856304985
31036168.132942326
31280547.40957967
31524926.68621701
31769305.96285435
32013685.23949169
32258064.51612903
32502443.792766374
32746823.069403715
32991202.346041057
33235581.6226784
33479960.899315737
33724340.17595308
33968719.45259042
34213098.72922776
34457478.005865104
34701857.28250244
34946236.55913979
35190615.835777126
35434995.112414464
35679374.38905181
35923753.66568915
36168132.94232649
36412512.21896383
36656891.49560118
36901270.772238515
37145650.04887585
37390029.3255132
37634408.60215054
37878787.87878788
38123167.15542522
38367546.43206256
38611925.708699904
38856304.98533724
39100684.26197459
39345063.538611926
39589442.815249264
39833822.09188661
40078201.36852395
40322580.64516129
40566959.92179863
40811339.19843597
41055718.475073315
41300097.75171065
41544477.028348
41788856.30498534
42033235.58162268
42277614.85826002
42521994.13489736
42766373.411534704
43010752.68817204
43255131.96480939
43499511.241446726
43743890.518084064
43988269.79472141
44232649.07135875
44477028.34799609
44721407.62463343
44965786.90127077
45210166.177908115
45454545.45454545
45698924.7311828
45943304.00782014
46187683.28445748
46432062.56109482
46676441.83773216
46920821.114369504
47165200.39100684
47409579.66764419
47653958.944281526
47898338.220918864
48142717.49755621
48387096.77419355
48631476.05083089
48875855.32746823
49120234.60410557
49364613.880742915
49608993.15738025
49853372.4340176
50097751.71065494
50342130.987292275
50586510.26392962
50830889.54056696
51075268.817204304
51319648.09384164
51564027.37047899
51808406.647116326
52052785.923753664
52297165.20039101
52541544.47702835
52785923.75366569
53030303.03030303
53274682.30694037
53519061.583577715
53763440.86021505
54007820.1368524
54252199.41348974
54496578.690127075
54740957.96676442
54985337.24340176
55229716.520039104
55474095.79667644
55718475.07331379
55962854.349951126
56207233.626588464
56451612.90322581
56695992.17986315
56940371.45650049
57184750.73313783
57429130.00977517
57673509.286412515
57917888.56304985
58162267.8396872
58406647.11632454
58651026.392961875
58895405.66959922
59139784.94623656
59384164.222873904
59628543.49951124
59872922.77614858
60117302.052785926
60361681.32942326
60606060.60606061
60850439.88269795
61094819.15933529
61339198.43597263
61583577.71260997
61827956.989247315
62072336.26588465
62316715.542522
62561094.81915934
62805474.095796674
63049853.37243402
63294232.64907136
63538611.9257087
63782991.20234604
64027370.47898338
64271749.755620725
64516129.03225806
64760508.30889541
65004887.58553275
65249266.86217009
65493646.13880743
65738025.41544477
65982404.692082115
66226783.96871945
66471163.2453568
66715542.521994136
66959921.798631474
67204301.07526882
67448680.35190617
67693059.6285435
67937438.90518084
68181818.18181819
68426197.45845552
68670576.73509286
68914956.01173021
69159335.28836755
69403714.56500489
69648093.84164223
69892473.11827958
70136852.3949169
70381231.67155425
70625610.9481916
70869990.22482893
71114369.50146627
71358748.77810362
71603128.05474097
71847507.3313783
72091886.60801564
72336265.88465299
72580645.16129032
72825024.43792766
73069403.71456501
73313782.99120235
73558162.26783969
73802541.54447703
74046920.82111438
74291300.0977517
74535679.37438905
74780058.6510264
75024437.92766373
75268817.20430107
75513196.48093842
75757575.75757577
76001955.0342131
76246334.31085044
76490713.58748779
76735092.86412512
76979472.14076246
77223851.41739981
77468230.69403715
77712609.97067448
77956989.24731183
78201368.52394918
78445747.8005865
78690127.07722385
78934506.3538612
79178885.63049853
79423264.90713587
79667644.18377322
79912023.46041057
80156402.7370479
80400782.01368524
80645161.29032259
80889540.56695992
81133919.84359726
81378299.12023461
81622678.39687194
81867057.67350928
82111436.95014663
82355816.22678398
82600195.5034213
82844574.78005865
83088954.056696
83333333.33333333
83577712.60997067
83822091.88660802
84066471.16324537
84310850.4398827
84555229.71652004
84799608.99315739
85043988.26979472
85288367.54643206
85532746.82306941
85777126.09970674
86021505.37634408
86265884.65298143
86510263.92961878
86754643.2062561
86999022.48289345
87243401.7595308
87487781.03616813
87732160.31280547
87976539.58944282
88220918.86608016
88465298.1427175
88709677.41935484
88954056.69599219
89198435.97262952
89442815.24926686
89687194.52590421
89931573.80254154
90175953.07917888
90420332.35581623
90664711.63245358
90909090.9090909
91153470.18572825
91397849.4623656
91642228.73900293
91886608.01564027
92130987.29227762
92375366.56891496
92619745.8455523
92864125.12218964
93108504.39882699
93352883.67546432
93597262.95210166
93841642.22873901
94086021.50537634
94330400.78201368
94574780.05865103
94819159.33528838
95063538.6119257
95307917.88856305
95552297.1652004
95796676.44183773
96041055.71847507
96285434.99511242
96529814.27174976
96774193.5483871
97018572.82502444
97262952.10166179
97507331.37829912
97751710.65493646
97996089.93157381
98240469.20821114
98484848.48484848
98729227.76148583
98973607.03812318
99217986.3147605
99462365.59139785
99706744.8680352
99951124.14467253
100195503.42130987
100439882.69794722
100684261.97458455
100928641.2512219
101173020.52785924
101417399.80449659
101661779.08113392
101906158.35777126
102150537.63440861
102394916.91104594
102639296.18768328
102883675.46432063
103128054.74095798
103372434.0175953
103616813.29423265
103861192.57087
104105571.84750733
104349951.12414467
104594330.40078202
104838709.67741935
105083088.9540567
105327468.23069404
105571847.50733139
105816226.78396872
106060606.06060606
106304985.33724341
106549364.61388074
106793743.89051808
107038123.16715543
107282502.44379278
107526881.7204301
107771260.99706745
108015640.2737048
108260019.55034213
108504398.82697947
108748778.10361682
108993157.38025415
109237536.6568915
109481915.93352884
109726295.21016619
109970674.48680352
110215053.76344086
110459433.04007821
110703812.31671554
110948191.59335288
111192570.86999023
111436950.14662758
111681329.4232649
111925708.69990225
112170087.9765396
112414467.25317693
112658846.52981427
112903225.80645162
113147605.08308895
113391984.3597263
113636363.63636364
113880742.91300099
114125122.18963832
114369501.46627566
114613880.74291301
114858260.01955034
115102639.29618768
115347018.57282503
115591397.84946238
115835777.1260997
116080156.40273705
116324535.6793744
116568914.95601173
116813294.23264907
117057673.50928642
117302052.78592375
117546432.0625611
117790811.33919844
118035190.61583579
118279569.89247312
118523949.16911046
118768328.44574781
119012707.72238514
119257086.99902248
119501466.27565983
119745845.55229716
119990224.8289345
120234604.10557185
120478983.3822092
120723362.65884653
120967741.93548387
121212121.21212122
121456500.48875855
121700879.7653959
121945259.04203324
122189638.31867059
122434017.59530792
122678396.87194526
122922776.14858261
123167155.42521994
123411534.70185728
123655913.97849463
123900293.25513196
124144672.5317693
124389051.80840665
124633431.085044
124877810.36168133
